-196
443
3660
578
-550
-1874
23
-2341
822
4468
1506
1356
1488
1469
-1373
1746
1997
1356
2592
127
-70
5330
3826
-5116
2980
4641
-43
-1174
-303
756
1077
4094
1298
2373
-2327
4832
-43
1413
1277
1036
-2240
1211
5823
-355
1343
1440
-2200
-384
1756
-2981
2684
-1151
4343
1992
-113
2736
1850
-522
-3865
3087
-1545
2051
-10
3496
-2737
-859
-1149
403
568
-370
-103
-587
2051
-894
1347
-2787
3074
-4759
-3679
2454
261
5425
3653
3304
4040
-3893
-3097
3554
-2339
3051
1446
-2143
5533
-2899
886
262
4163
-2388
-3954
4947
-2601
2865
-513
-701
-527
5191
3821
646
-3883
4991
-2518
228
-1765
310
-174
3839
643
2042
216
3714
772
1088
-1115
-3065
-1790
1936
4460
6327
